0 0.19272727272727272 0.2978142076502732 0.26181818181818184 0.47540983606557374
0 0.39636363636363636 0.21584699453551912 0.1890909090909091 0.3442622950819672
0 0.5490909090909091 0.19672131147540983 0.13090909090909092 0.273224043715847
0 0.6309090909090909 0.1885245901639344 0.08363636363636363 0.2568306010928962
0 0.7036363636363636 0.17759562841530055 0.09090909090909091 0.23497267759562843
0 0.8036363636363636 0.16939890710382513 0.06545454545454546 0.17486338797814208
0 0.9345454545454546 0.1994535519125683 0.10181818181818182 0.21311475409836064
0 0.15636363636363637 0.7185792349726776 0.2690909090909091 0.5409836065573771
0 0.4090909090909091 0.6502732240437158 0.2727272727272727 0.6338797814207651
0 0.6054545454545455 0.5409836065573771 0.2 0.5901639344262295
0 0.7127272727272728 0.4726775956284153 0.12363636363636364 0.47540983606557374
0 0.7927272727272727 0.40437158469945356 0.09454545454545454 0.4371584699453552
