0 0.2335907335907336 0.8205128205128205 0.13513513513513514 0.19487179487179487
0 0.44594594594594594 0.7974358974358975 0.1274131274131274 0.21025641025641026
0 0.5598455598455598 0.7230769230769231 0.10810810810810811 0.22564102564102564
0 0.722007722007722 0.782051282051282 0.12355212355212356 0.2205128205128205
0 0.8610038610038611 0.6076923076923076 0.1003861003861004 0.23076923076923078
0 0.8552123552123553 0.16923076923076924 0.13513513513513514 0.19487179487179487
0 0.7837837837837838 0.30512820512820515 0.09266409266409267 0.1794871794871795
0 0.6776061776061776 0.2846153846153846 0.10424710424710425 0.2
0 0.5482625482625483 0.31794871794871793 0.1003861003861004 0.24615384615384617
0 0.4285714285714286 0.3230769230769231 0.09266409266409267 0.1641025641025641
0 0.3455598455598456 0.2717948717948718 0.10424710424710425 0.22564102564102564
0 0.27413127413127414 0.2794871794871795 0.08494208494208494 0.16923076923076924
0 0.12934362934362933 0.5692307692307692 0.10424710424710425 0.26666666666666666
